26.621
26.191
27.734
27.675
28.729
28.621
28.608
28.563
29.024
28.714
28.667
28.655
28.675
28.671
28.690
28.407
28.512
28.514
28.590
28.609
28.631
28.631
28.625
28.624
28.723
28.714
28.712
28.725
28.715
28.715
28.752
28.743
28.729
28.718
29.282
29.233
29.229
29.224
29.195
29.606
29.632
29.509
29.508
29.533
29.523
29.524
29.523
29.508
29.508
29.616
29.644
29.623
29.681
30.236
30.227
30.228
30.229
30.227
30.177
30.159
30.159
30.138
30.131
30.167
30.207
30.191
30.191
30.201
30.193
30.188
30.187
30.181
30.202
30.226
30.227
30.222
30.222
30.222
30.192
30.192
31.039
31.039
31.033
32.053
32.031
31.728
31.717
31.701
31.703
31.704
31.703
31.702
31.646
31.646
31.647
31.589
31.589
31.589
31.587
31.576
